1000000000
417656482
799662322
971795860
861423520
673484975
839102898
874609677
395780927
132546242
215330865
537710881
76735327
226844456
582925586
80937666
49277136
578865224
474984316
475799497
939045347
96120025
550830647
327096892
198794363
401202364
975728533
132374445
238871516
460115893
634384877
993021283
399754968
604097450
949649057
529981235
819786128
354339207
666964210
922306291
916585507
994162953
263031655
803483176
616012511
499770626
265110536
352506658
376425934
553047124
973531310
605608833
669143927
797347634
971197132
908221856
43623613
334939812
873192400
655248007
2133073
336199205
512307569
15606938
865617687
72115861
371000051
579686843
541909548
10934077
40703330
97689121
37855789
779764779
221287933
657772701
112542802
643990375
230082248
641694566
160359482
418749632
104146898
588785447
849743448
176717318
79729677
698715371
414497444
367460312
679843647
107711024
471518084
287319841
61549060
211718417
817381385
537169114
218859741
392054539
0
891148842
129190687
143537725
43941272
697250374
308848640
305255015
583937516
42364153
