1000000000
-582343525
-235953544
-483252046
-172357025
-935008348
32927899
695047084
346704456
730688248
851822997
372390623
932656572
-868303600
-218748434
-687609739
-867318620
-287697034
-861207774
-715456254
-918062584
-735619582
-506629631
-535926089
-485174043
-37817235
-352793578
-304449722
-688519621
-803626880
-746118806
-771683958
-982123332
330976758
831627101
786103336
972766865
-676024089
-678314113
-518012433
-739129956
-260903451
-736758570
-426900471
-116967247
-812292780
-139505806
-234593657
-578444136
-508910774
-376246079
-662774666
-605773716
-595840188
-291187141
-616900284
-816980435
-811369963
-204102996
-712790392
-104672917
-672895873
-897289233
-189754138
-717210445
-795269214
-331155419
-819120845
-661541263
-692111926
-552165530
-348413180
-611077582
-224569568
-280130359
-390875017
-638749013
-287569412
-870141314
-90108454
-692408276
-531421030
-800528173
-963028296
994324252
-185041165
-47118548
-701701675
-880883107
-338182951
-327193605
-96447818
-248652796
-594304413
-398691391
-91602833
-587801746
-853878081
-228534757
-2567129
0
891148842
129190687
143537725
43941272
697250374
308848640
305255015
583937516
42364153
