5992459185
2781526884
5355182845
3985929794
906352275
5787498247
6738488683
2106774547
1070853092
857658069
4793098626
2447228366
4489580542
7288548943
6456670354
9093690869
3846990845
2542972882
8880027292
7618917957
9215918597
4441136744
7124961051
5774653384
4234358255
4931451362
7166513702
3008031960
1377464858
3406168267
674362848
3028729003
1986408054
9580480007
5070922349
1509994517
8853511937
1650598052
23662186
4407822067
5678237036
2337957647
8370800966
5236344684
5735872314
5961266662
2900494685
3851739023
8973400341
4358248586
7162886875
3257141270
1157922365
6466158287
8524610205
1629171806
7508043376
4006847074
514676716
5571838828
5955990822
3982074952
5165248311
6673272612
6751075304
718508068
4705103381
6288458960
4908832576
1313393174
8216290463
4318712211
2416930903
8905396803
1785178729
6675761647
1857326812
2700783409
66166812
3201432867
5391645447
8734608465
5639581350
4107826240
6668015210
5405654427
9259198516
1349000794
1533264479
2663316017
2563822890
9008633559
4413637303
5363201163
6452452549
7050351157
6063979943
3863617649
2047357015
