0.000000 0.000000
0.866025 0.500000
1.000000 0.000000
0.866025 -0.500000
0.999781 0.020942
0.999657 0.026177
0.999507 0.031411
0.999328 0.036644
0.999123 0.041876
0.998890 0.047106
0.998630 0.052336
0.998342 0.057564
0.998027 0.062791
0.997684 0.068015
0.997314 0.073238
0.996917 0.078459
0.996493 0.083678
0.996041 0.088894
0.995562 0.094108
0.995056 0.099320
0.994522 0.104528
0.993961 0.109734
0.993373 0.114937
0.992757 0.120137
0.992115 0.125333
0.991445 0.130526
0.990748 0.135716
0.990024 0.140901
0.989272 0.146083
0.988494 0.151261
0.987688 0.156434
0.986856 0.161604
0.985996 0.166769
0.985109 0.171929
0.984196 0.177085
0.983255 0.182236
0.982287 0.187381
0.981293 0.192522
0.980271 0.197657
0.979223 0.202787
0.978148 0.207912
0.977046 0.213030
0.975917 0.218143
0.974761 0.223250
0.973579 0.228351
0.972370 0.233445
0.971134 0.238533
0.969872 0.243615
0.968583 0.248690
0.967268 0.253758
0.965926 0.258819
0.964557 0.263873
0.963163 0.268920
0.961741 0.273959
0.960294 0.278991
0.958820 0.284015
0.957319 0.289032
0.955793 0.294040
0.954240 0.299041
0.952661 0.304033
0.951057 0.309017
0.949425 0.313992
0.947768 0.318959
0.946085 0.323917
0.944376 0.328867
0.942641 0.333807
0.940881 0.338738
0.939094 0.343660
0.937282 0.348572
0.935444 0.353475
0.933580 0.358368
0.931691 0.363251
0.929776 0.368125
0.927836 0.372988
0.925871 0.377841
0.923880 0.382683
0.921863 0.387516
0.919821 0.392337
0.917755 0.397148
0.915663 0.401948
0.913545 0.406737
0.911403 0.411514
0.909236 0.416281
0.907044 0.421036
0.904827 0.425779
0.902585 0.430511
0.900319 0.435231
0.898028 0.439939
0.895712 0.444635
0.893371 0.449319
0.891007 0.453990
0.888617 0.458650
0.886204 0.463296
0.883766 0.467930
0.881303 0.472551
0.878817 0.477159
0.876307 0.481754
0.873772 0.486335
0.871214 0.490904
0.868632 0.495459
