round 1
1000000000000000
1100000000000000
1110000000000000
1111000000000000
1111100000000000
1111110000000000
1111111000000000
1111111100000000
1111111110000000
1111111111000000
1111111111100000
1111111111110000
1111111111111000
1111111111111100
1111111111111110
1111111111111111
round 2
1000000000000000
0100000000000000
1010000000000000
0101000000000000
1010100000000000
0101010000000000
1010101000000000
0101010100000000
1010101010000000
0101010101000000
1010101010100000
0101010101010000
1010101010101000
0101010101010100
1010101010101010
0101010101010101
round 3
1000000000000000
1100000000000000
0110000000000000
0011000000000000
1001100000000000
1100110000000000
0110011000000000
0011001100000000
1001100110000000
1100110011000000
0110011001100000
0011001100110000
1001100110011000
1100110011001100
0110011001100110
0011001100110011
round 4
1000000000000000
0100000000000000
0010000000000000
0001000000000000
1000100000000000
0100010000000000
0010001000000000
0001000100000000
1000100010000000
0100010001000000
0010001000100000
0001000100010000
1000100010001000
0100010001000100
0010001000100010
0001000100010001
round 5
1000000000000000
1100000000000000
1110000000000000
1111000000000000
0111100000000000
0011110000000000
0001111000000000
0000111100000000
1000011110000000
1100001111000000
1110000111100000
1111000011110000
0111100001111000
0011110000111100
0001111000011110
0000111100001111
round 6
1000000000000000
0100000000000000
1010000000000000
0101000000000000
0010100000000000
0001010000000000
0000101000000000
0000010100000000
1000001010000000
0100000101000000
1010000010100000
0101000001010000
0010100000101000
0001010000010100
0000101000001010
0000010100000101
round 7
1000000000000000
1100000000000000
0110000000000000
0011000000000000
0001100000000000
0000110000000000
0000011000000000
0000001100000000
1000000110000000
1100000011000000
0110000001100000
0011000000110000
0001100000011000
0000110000001100
0000011000000110
0000001100000011
round 8
1000000000000000
0100000000000000
0010000000000000
0001000000000000
0000100000000000
0000010000000000
0000001000000000
0000000100000000
1000000010000000
0100000001000000
0010000000100000
0001000000010000
0000100000001000
0000010000000100
0000001000000010
0000000100000001
round 9
1000000000000000
1100000000000000
1110000000000000
1111000000000000
1111100000000000
1111110000000000
1111111000000000
1111111100000000
0111111110000000
0011111111000000
0001111111100000
0000111111110000
0000011111111000
0000001111111100
0000000111111110
0000000011111111
round 10
1000000000000000
0100000000000000
1010000000000000
0101000000000000
1010100000000000
0101010000000000
1010101000000000
0101010100000000
0010101010000000
0001010101000000
0000101010100000
0000010101010000
0000001010101000
0000000101010100
0000000010101010
0000000001010101
round 11
1000000000000000
1100000000000000
0110000000000000
0011000000000000
1001100000000000
1100110000000000
0110011000000000
0011001100000000
0001100110000000
0000110011000000
0000011001100000
0000001100110000
0000000110011000
0000000011001100
0000000001100110
0000000000110011
round 12
1000000000000000
0100000000000000
0010000000000000
0001000000000000
1000100000000000
0100010000000000
0010001000000000
0001000100000000
0000100010000000
0000010001000000
0000001000100000
0000000100010000
0000000010001000
0000000001000100
0000000000100010
0000000000010001
round 13
1000000000000000
1100000000000000
1110000000000000
1111000000000000
0111100000000000
0011110000000000
0001111000000000
0000111100000000
0000011110000000
0000001111000000
0000000111100000
0000000011110000
0000000001111000
0000000000111100
0000000000011110
0000000000001111
round 14
1000000000000000
0100000000000000
1010000000000000
0101000000000000
0010100000000000
0001010000000000
0000101000000000
0000010100000000
0000001010000000
0000000101000000
0000000010100000
0000000001010000
0000000000101000
0000000000010100
0000000000001010
0000000000000101
round 15
1000000000000000
1100000000000000
0110000000000000
0011000000000000
0001100000000000
0000110000000000
0000011000000000
0000001100000000
0000000110000000
0000000011000000
0000000001100000
0000000000110000
0000000000011000
0000000000001100
0000000000000110
0000000000000011
round 16
1000000000000000
0100000000000000
0010000000000000
0001000000000000
0000100000000000
0000010000000000
0000001000000000
0000000100000000
0000000010000000
0000000001000000
0000000000100000
0000000000010000
0000000000001000
0000000000000100
0000000000000010
0000000000000001
round 17
1000000000000000
1100000000000000
1110000000000000
1111000000000000
1111100000000000
1111110000000000
1111111000000000
1111111100000000
1111111110000000
1111111111000000
1111111111100000
1111111111110000
1111111111111000
1111111111111100
1111111111111110
1111111111111111
round 18
1000000000000000
0100000000000000
1010000000000000
0101000000000000
1010100000000000
0101010000000000
1010101000000000
0101010100000000
1010101010000000
0101010101000000
1010101010100000
0101010101010000
1010101010101000
0101010101010100
1010101010101010
0101010101010101
round 19
1000000000000000
1100000000000000
0110000000000000
0011000000000000
1001100000000000
1100110000000000
0110011000000000
0011001100000000
1001100110000000
1100110011000000
0110011001100000
0011001100110000
1001100110011000
1100110011001100
0110011001100110
0011001100110011
round 20
1000000000000000
0100000000000000
0010000000000000
0001000000000000
1000100000000000
0100010000000000
0010001000000000
0001000100000000
1000100010000000
0100010001000000
0010001000100000
0001000100010000
1000100010001000
0100010001000100
0010001000100010
0001000100010001
round 21
1000000000000000
1100000000000000
1110000000000000
1111000000000000
0111100000000000
0011110000000000
0001111000000000
0000111100000000
1000011110000000
1100001111000000
1110000111100000
1111000011110000
0111100001111000
0011110000111100
0001111000011110
0000111100001111
round 22
1000000000000000
0100000000000000
1010000000000000
0101000000000000
0010100000000000
0001010000000000
0000101000000000
0000010100000000
1000001010000000
0100000101000000
1010000010100000
0101000001010000
0010100000101000
0001010000010100
0000101000001010
0000010100000101
round 23
1000000000000000
1100000000000000
0110000000000000
0011000000000000
0001100000000000
0000110000000000
0000011000000000
0000001100000000
1000000110000000
1100000011000000
0110000001100000
0011000000110000
0001100000011000
0000110000001100
0000011000000110
0000001100000011
round 24
1000000000000000
0100000000000000
0010000000000000
0001000000000000
0000100000000000
0000010000000000
0000001000000000
0000000100000000
1000000010000000
0100000001000000
0010000000100000
0001000000010000
0000100000001000
0000010000000100
0000001000000010
0000000100000001
round 25
1000000000000000
1100000000000000
1110000000000000
1111000000000000
1111100000000000
1111110000000000
1111111000000000
1111111100000000
0111111110000000
0011111111000000
0001111111100000
0000111111110000
0000011111111000
0000001111111100
0000000111111110
0000000011111111
round 26
1000000000000000
0100000000000000
1010000000000000
0101000000000000
1010100000000000
0101010000000000
1010101000000000
0101010100000000
0010101010000000
0001010101000000
0000101010100000
0000010101010000
0000001010101000
0000000101010100
0000000010101010
0000000001010101
round 27
1000000000000000
1100000000000000
0110000000000000
0011000000000000
1001100000000000
1100110000000000
0110011000000000
0011001100000000
0001100110000000
0000110011000000
0000011001100000
0000001100110000
0000000110011000
0000000011001100
0000000001100110
0000000000110011
round 28
1000000000000000
0100000000000000
0010000000000000
0001000000000000
1000100000000000
0100010000000000
0010001000000000
0001000100000000
0000100010000000
0000010001000000
0000001000100000
0000000100010000
0000000010001000
0000000001000100
0000000000100010
0000000000010001
round 29
1000000000000000
1100000000000000
1110000000000000
1111000000000000
0111100000000000
0011110000000000
0001111000000000
0000111100000000
0000011110000000
0000001111000000
0000000111100000
0000000011110000
0000000001111000
0000000000111100
0000000000011110
0000000000001111
round 30
1000000000000000
0100000000000000
1010000000000000
0101000000000000
0010100000000000
0001010000000000
0000101000000000
0000010100000000
0000001010000000
0000000101000000
0000000010100000
0000000001010000
0000000000101000
0000000000010100
0000000000001010
0000000000000101
round 31
1000000000000000
1100000000000000
0110000000000000
0011000000000000
0001100000000000
0000110000000000
0000011000000000
0000001100000000
0000000110000000
0000000011000000
0000000001100000
0000000000110000
0000000000011000
0000000000001100
0000000000000110
0000000000000011
round 32
1000000000000000
0100000000000000
0010000000000000
0001000000000000
0000100000000000
0000010000000000
0000001000000000
0000000100000000
0000000010000000
0000000001000000
0000000000100000
0000000000010000
0000000000001000
0000000000000100
0000000000000010
0000000000000001
round 33
1000000000000000
1100000000000000
1110000000000000
1111000000000000
1111100000000000
1111110000000000
1111111000000000
1111111100000000
1111111110000000
1111111111000000
1111111111100000
1111111111110000
1111111111111000
1111111111111100
1111111111111110
1111111111111111
round 34
1000000000000000
0100000000000000
1010000000000000
0101000000000000
1010100000000000
0101010000000000
1010101000000000
0101010100000000
1010101010000000
0101010101000000
1010101010100000
0101010101010000
1010101010101000
0101010101010100
1010101010101010
0101010101010101
round 35
1000000000000000
1100000000000000
0110000000000000
0011000000000000
1001100000000000
1100110000000000
0110011000000000
0011001100000000
1001100110000000
1100110011000000
0110011001100000
0011001100110000
1001100110011000
1100110011001100
0110011001100110
0011001100110011
round 36
1000000000000000
0100000000000000
0010000000000000
0001000000000000
1000100000000000
0100010000000000
0010001000000000
0001000100000000
1000100010000000
0100010001000000
0010001000100000
0001000100010000
1000100010001000
0100010001000100
0010001000100010
0001000100010001
round 37
1000000000000000
1100000000000000
1110000000000000
1111000000000000
0111100000000000
0011110000000000
0001111000000000
0000111100000000
1000011110000000
1100001111000000
1110000111100000
1111000011110000
0111100001111000
0011110000111100
0001111000011110
0000111100001111
round 38
1000000000000000
0100000000000000
1010000000000000
0101000000000000
0010100000000000
0001010000000000
0000101000000000
0000010100000000
1000001010000000
0100000101000000
1010000010100000
0101000001010000
0010100000101000
0001010000010100
0000101000001010
0000010100000101
round 39
1000000000000000
1100000000000000
0110000000000000
0011000000000000
0001100000000000
0000110000000000
0000011000000000
0000001100000000
1000000110000000
1100000011000000
0110000001100000
0011000000110000
0001100000011000
0000110000001100
0000011000000110
0000001100000011
round 40
1000000000000000
0100000000000000
0010000000000000
0001000000000000
0000100000000000
0000010000000000
0000001000000000
0000000100000000
1000000010000000
0100000001000000
0010000000100000
0001000000010000
0000100000001000
0000010000000100
0000001000000010
0000000100000001
round 41
1000000000000000
1100000000000000
1110000000000000
1111000000000000
1111100000000000
1111110000000000
1111111000000000
1111111100000000
0111111110000000
0011111111000000
0001111111100000
0000111111110000
0000011111111000
0000001111111100
0000000111111110
0000000011111111
round 42
1000000000000000
0100000000000000
1010000000000000
0101000000000000
1010100000000000
0101010000000000
1010101000000000
0101010100000000
0010101010000000
0001010101000000
0000101010100000
0000010101010000
0000001010101000
0000000101010100
0000000010101010
0000000001010101
round 43
1000000000000000
1100000000000000
0110000000000000
0011000000000000
1001100000000000
1100110000000000
0110011000000000
0011001100000000
0001100110000000
0000110011000000
0000011001100000
0000001100110000
0000000110011000
0000000011001100
0000000001100110
0000000000110011
round 44
1000000000000000
0100000000000000
0010000000000000
0001000000000000
1000100000000000
0100010000000000
0010001000000000
0001000100000000
0000100010000000
0000010001000000
0000001000100000
0000000100010000
0000000010001000
0000000001000100
0000000000100010
0000000000010001
round 45
1000000000000000
1100000000000000
1110000000000000
1111000000000000
0111100000000000
0011110000000000
0001111000000000
0000111100000000
0000011110000000
0000001111000000
0000000111100000
0000000011110000
0000000001111000
0000000000111100
0000000000011110
0000000000001111
round 46
1000000000000000
0100000000000000
1010000000000000
0101000000000000
0010100000000000
0001010000000000
0000101000000000
0000010100000000
0000001010000000
0000000101000000
0000000010100000
0000000001010000
0000000000101000
0000000000010100
0000000000001010
0000000000000101
round 47
1000000000000000
1100000000000000
0110000000000000
0011000000000000
0001100000000000
0000110000000000
0000011000000000
0000001100000000
0000000110000000
0000000011000000
0000000001100000
0000000000110000
0000000000011000
0000000000001100
0000000000000110
0000000000000011
round 48
1000000000000000
0100000000000000
0010000000000000
0001000000000000
0000100000000000
0000010000000000
0000001000000000
0000000100000000
0000000010000000
0000000001000000
0000000000100000
0000000000010000
0000000000001000
0000000000000100
0000000000000010
0000000000000001
round 49
1000000000000000
1100000000000000
1110000000000000
1111000000000000
1111100000000000
1111110000000000
1111111000000000
1111111100000000
1111111110000000
1111111111000000
1111111111100000
1111111111110000
1111111111111000
1111111111111100
1111111111111110
1111111111111111
round 50
1000000000000000
0100000000000000
1010000000000000
0101000000000000
1010100000000000
0101010000000000
1010101000000000
0101010100000000
1010101010000000
0101010101000000
1010101010100000
0101010101010000
1010101010101000
0101010101010100
1010101010101010
0101010101010101
round 51
1000000000000000
1100000000000000
0110000000000000
0011000000000000
1001100000000000
1100110000000000
0110011000000000
0011001100000000
1001100110000000
1100110011000000
0110011001100000
0011001100110000
1001100110011000
1100110011001100
0110011001100110
0011001100110011
round 52
1000000000000000
0100000000000000
0010000000000000
0001000000000000
1000100000000000
0100010000000000
0010001000000000
0001000100000000
1000100010000000
0100010001000000
0010001000100000
0001000100010000
1000100010001000
0100010001000100
0010001000100010
0001000100010001
round 53
1000000000000000
1100000000000000
1110000000000000
1111000000000000
0111100000000000
0011110000000000
0001111000000000
0000111100000000
1000011110000000
1100001111000000
1110000111100000
1111000011110000
0111100001111000
0011110000111100
0001111000011110
0000111100001111
round 54
1000000000000000
0100000000000000
1010000000000000
0101000000000000
0010100000000000
0001010000000000
0000101000000000
0000010100000000
1000001010000000
0100000101000000
1010000010100000
0101000001010000
0010100000101000
0001010000010100
0000101000001010
0000010100000101
round 55
1000000000000000
1100000000000000
0110000000000000
0011000000000000
0001100000000000
0000110000000000
0000011000000000
0000001100000000
1000000110000000
1100000011000000
0110000001100000
0011000000110000
0001100000011000
0000110000001100
0000011000000110
0000001100000011
round 56
1000000000000000
0100000000000000
0010000000000000
0001000000000000
0000100000000000
0000010000000000
0000001000000000
0000000100000000
1000000010000000
0100000001000000
0010000000100000
0001000000010000
0000100000001000
0000010000000100
0000001000000010
0000000100000001
round 57
1000000000000000
1100000000000000
1110000000000000
1111000000000000
1111100000000000
1111110000000000
1111111000000000
1111111100000000
0111111110000000
0011111111000000
0001111111100000
0000111111110000
0000011111111000
0000001111111100
0000000111111110
0000000011111111
round 58
1000000000000000
0100000000000000
1010000000000000
0101000000000000
1010100000000000
0101010000000000
1010101000000000
0101010100000000
0010101010000000
0001010101000000
0000101010100000
0000010101010000
0000001010101000
0000000101010100
0000000010101010
0000000001010101
round 59
1000000000000000
1100000000000000
0110000000000000
0011000000000000
1001100000000000
1100110000000000
0110011000000000
0011001100000000
0001100110000000
0000110011000000
0000011001100000
0000001100110000
0000000110011000
0000000011001100
0000000001100110
0000000000110011
round 60
1000000000000000
0100000000000000
0010000000000000
0001000000000000
1000100000000000
0100010000000000
0010001000000000
0001000100000000
0000100010000000
0000010001000000
0000001000100000
0000000100010000
0000000010001000
0000000001000100
0000000000100010
0000000000010001
round 61
1000000000000000
1100000000000000
1110000000000000
1111000000000000
0111100000000000
0011110000000000
0001111000000000
0000111100000000
0000011110000000
0000001111000000
0000000111100000
0000000011110000
0000000001111000
0000000000111100
0000000000011110
0000000000001111
round 62
1000000000000000
0100000000000000
1010000000000000
0101000000000000
0010100000000000
0001010000000000
0000101000000000
0000010100000000
0000001010000000
0000000101000000
0000000010100000
0000000001010000
0000000000101000
0000000000010100
0000000000001010
0000000000000101
round 63
1000000000000000
1100000000000000
0110000000000000
0011000000000000
0001100000000000
0000110000000000
0000011000000000
0000001100000000
0000000110000000
0000000011000000
0000000001100000
0000000000110000
0000000000011000
0000000000001100
0000000000000110
0000000000000011
round 64
1000000000000000
0100000000000000
0010000000000000
0001000000000000
0000100000000000
0000010000000000
0000001000000000
0000000100000000
0000000010000000
0000000001000000
0000000000100000
0000000000010000
0000000000001000
0000000000000100
0000000000000010
0000000000000001
round 65
1000000000000000
1100000000000000
1110000000000000
1111000000000000
1111100000000000
1111110000000000
1111111000000000
1111111100000000
1111111110000000
1111111111000000
1111111111100000
1111111111110000
1111111111111000
1111111111111100
1111111111111110
1111111111111111
round 66
1000000000000000
0100000000000000
1010000000000000
0101000000000000
1010100000000000
0101010000000000
1010101000000000
0101010100000000
1010101010000000
0101010101000000
1010101010100000
0101010101010000
1010101010101000
0101010101010100
1010101010101010
0101010101010101
round 67
1000000000000000
1100000000000000
0110000000000000
0011000000000000
1001100000000000
1100110000000000
0110011000000000
0011001100000000
1001100110000000
1100110011000000
0110011001100000
0011001100110000
1001100110011000
1100110011001100
0110011001100110
0011001100110011
round 68
1000000000000000
0100000000000000
0010000000000000
0001000000000000
1000100000000000
0100010000000000
0010001000000000
0001000100000000
1000100010000000
0100010001000000
0010001000100000
0001000100010000
1000100010001000
0100010001000100
0010001000100010
0001000100010001
round 69
1000000000000000
1100000000000000
1110000000000000
1111000000000000
0111100000000000
0011110000000000
0001111000000000
0000111100000000
1000011110000000
1100001111000000
1110000111100000
1111000011110000
0111100001111000
0011110000111100
0001111000011110
0000111100001111
round 70
1000000000000000
0100000000000000
1010000000000000
0101000000000000
0010100000000000
0001010000000000
0000101000000000
0000010100000000
1000001010000000
0100000101000000
1010000010100000
0101000001010000
0010100000101000
0001010000010100
0000101000001010
0000010100000101
round 71
1000000000000000
1100000000000000
0110000000000000
0011000000000000
0001100000000000
0000110000000000
0000011000000000
0000001100000000
1000000110000000
1100000011000000
0110000001100000
0011000000110000
0001100000011000
0000110000001100
0000011000000110
0000001100000011
round 72
1000000000000000
0100000000000000
0010000000000000
0001000000000000
0000100000000000
0000010000000000
0000001000000000
0000000100000000
1000000010000000
0100000001000000
0010000000100000
0001000000010000
0000100000001000
0000010000000100
0000001000000010
0000000100000001
round 73
1000000000000000
1100000000000000
1110000000000000
1111000000000000
1111100000000000
1111110000000000
1111111000000000
1111111100000000
0111111110000000
0011111111000000
0001111111100000
0000111111110000
0000011111111000
0000001111111100
0000000111111110
0000000011111111
round 74
1000000000000000
0100000000000000
1010000000000000
0101000000000000
1010100000000000
0101010000000000
1010101000000000
0101010100000000
0010101010000000
0001010101000000
0000101010100000
0000010101010000
0000001010101000
0000000101010100
0000000010101010
0000000001010101
round 75
1000000000000000
1100000000000000
0110000000000000
0011000000000000
1001100000000000
1100110000000000
0110011000000000
0011001100000000
0001100110000000
0000110011000000
0000011001100000
0000001100110000
0000000110011000
0000000011001100
0000000001100110
0000000000110011
round 76
1000000000000000
0100000000000000
0010000000000000
0001000000000000
1000100000000000
0100010000000000
0010001000000000
0001000100000000
0000100010000000
0000010001000000
0000001000100000
0000000100010000
0000000010001000
0000000001000100
0000000000100010
0000000000010001
round 77
1000000000000000
1100000000000000
1110000000000000
1111000000000000
0111100000000000
0011110000000000
0001111000000000
0000111100000000
0000011110000000
0000001111000000
0000000111100000
0000000011110000
0000000001111000
0000000000111100
0000000000011110
0000000000001111
round 78
1000000000000000
0100000000000000
1010000000000000
0101000000000000
0010100000000000
0001010000000000
0000101000000000
0000010100000000
0000001010000000
0000000101000000
0000000010100000
0000000001010000
0000000000101000
0000000000010100
0000000000001010
0000000000000101
round 79
1000000000000000
1100000000000000
0110000000000000
0011000000000000
0001100000000000
0000110000000000
0000011000000000
0000001100000000
0000000110000000
0000000011000000
0000000001100000
0000000000110000
0000000000011000
0000000000001100
0000000000000110
0000000000000011
round 80
1000000000000000
0100000000000000
0010000000000000
0001000000000000
0000100000000000
0000010000000000
0000001000000000
0000000100000000
0000000010000000
0000000001000000
0000000000100000
0000000000010000
0000000000001000
0000000000000100
0000000000000010
0000000000000001
round 81
1000000000000000
1100000000000000
1110000000000000
1111000000000000
1111100000000000
1111110000000000
1111111000000000
1111111100000000
1111111110000000
1111111111000000
1111111111100000
1111111111110000
1111111111111000
1111111111111100
1111111111111110
1111111111111111
round 82
1000000000000000
0100000000000000
1010000000000000
0101000000000000
1010100000000000
0101010000000000
1010101000000000
0101010100000000
1010101010000000
0101010101000000
1010101010100000
0101010101010000
1010101010101000
0101010101010100
1010101010101010
0101010101010101
round 83
1000000000000000
1100000000000000
0110000000000000
0011000000000000
1001100000000000
1100110000000000
0110011000000000
0011001100000000
1001100110000000
1100110011000000
0110011001100000
0011001100110000
1001100110011000
1100110011001100
0110011001100110
0011001100110011
round 84
1000000000000000
0100000000000000
0010000000000000
0001000000000000
1000100000000000
0100010000000000
0010001000000000
0001000100000000
1000100010000000
0100010001000000
0010001000100000
0001000100010000
1000100010001000
0100010001000100
0010001000100010
0001000100010001
round 85
1000000000000000
1100000000000000
1110000000000000
1111000000000000
0111100000000000
0011110000000000
0001111000000000
0000111100000000
1000011110000000
1100001111000000
1110000111100000
1111000011110000
0111100001111000
0011110000111100
0001111000011110
0000111100001111
round 86
1000000000000000
0100000000000000
1010000000000000
0101000000000000
0010100000000000
0001010000000000
0000101000000000
0000010100000000
1000001010000000
0100000101000000
1010000010100000
0101000001010000
0010100000101000
0001010000010100
0000101000001010
0000010100000101
round 87
1000000000000000
1100000000000000
0110000000000000
0011000000000000
0001100000000000
0000110000000000
0000011000000000
0000001100000000
1000000110000000
1100000011000000
0110000001100000
0011000000110000
0001100000011000
0000110000001100
0000011000000110
0000001100000011
round 88
1000000000000000
0100000000000000
0010000000000000
0001000000000000
0000100000000000
0000010000000000
0000001000000000
0000000100000000
1000000010000000
0100000001000000
0010000000100000
0001000000010000
0000100000001000
0000010000000100
0000001000000010
0000000100000001
round 89
1000000000000000
1100000000000000
1110000000000000
1111000000000000
1111100000000000
1111110000000000
1111111000000000
1111111100000000
0111111110000000
0011111111000000
0001111111100000
0000111111110000
0000011111111000
0000001111111100
0000000111111110
0000000011111111
round 90
1000000000000000
0100000000000000
1010000000000000
0101000000000000
1010100000000000
0101010000000000
1010101000000000
0101010100000000
0010101010000000
0001010101000000
0000101010100000
0000010101010000
0000001010101000
0000000101010100
0000000010101010
0000000001010101
round 91
1000000000000000
1100000000000000
0110000000000000
0011000000000000
1001100000000000
1100110000000000
0110011000000000
0011001100000000
0001100110000000
0000110011000000
0000011001100000
0000001100110000
0000000110011000
0000000011001100
0000000001100110
0000000000110011
round 92
1000000000000000
0100000000000000
0010000000000000
0001000000000000
1000100000000000
0100010000000000
0010001000000000
0001000100000000
0000100010000000
0000010001000000
0000001000100000
0000000100010000
0000000010001000
0000000001000100
0000000000100010
0000000000010001
round 93
1000000000000000
1100000000000000
1110000000000000
1111000000000000
0111100000000000
0011110000000000
0001111000000000
0000111100000000
0000011110000000
0000001111000000
0000000111100000
0000000011110000
0000000001111000
0000000000111100
0000000000011110
0000000000001111
round 94
1000000000000000
0100000000000000
1010000000000000
0101000000000000
0010100000000000
0001010000000000
0000101000000000
0000010100000000
0000001010000000
0000000101000000
0000000010100000
0000000001010000
0000000000101000
0000000000010100
0000000000001010
0000000000000101
round 95
1000000000000000
1100000000000000
0110000000000000
0011000000000000
0001100000000000
0000110000000000
0000011000000000
0000001100000000
0000000110000000
0000000011000000
0000000001100000
0000000000110000
0000000000011000
0000000000001100
0000000000000110
0000000000000011
round 96
1000000000000000
0100000000000000
0010000000000000
0001000000000000
0000100000000000
0000010000000000
0000001000000000
0000000100000000
0000000010000000
0000000001000000
0000000000100000
0000000000010000
0000000000001000
0000000000000100
0000000000000010
0000000000000001
round 97
1000000000000000
1100000000000000
1110000000000000
1111000000000000
1111100000000000
1111110000000000
1111111000000000
1111111100000000
1111111110000000
1111111111000000
1111111111100000
1111111111110000
1111111111111000
1111111111111100
1111111111111110
1111111111111111
round 98
1000000000000000
0100000000000000
1010000000000000
0101000000000000
1010100000000000
0101010000000000
1010101000000000
0101010100000000
1010101010000000
0101010101000000
1010101010100000
0101010101010000
1010101010101000
0101010101010100
1010101010101010
0101010101010101
round 99
1000000000000000
1100000000000000
0110000000000000
0011000000000000
1001100000000000
1100110000000000
0110011000000000
0011001100000000
1001100110000000
1100110011000000
0110011001100000
0011001100110000
1001100110011000
1100110011001100
0110011001100110
0011001100110011
round 100
1000000000000000
0100000000000000
0010000000000000
0001000000000000
1000100000000000
0100010000000000
0010001000000000
0001000100000000
1000100010000000
0100010001000000
0010001000100000
0001000100010000
1000100010001000
0100010001000100
0010001000100010
0001000100010001
