_add1 1 505 60
0 1000
_add1 3 505 60
501 1000
_add1 6 505 60
501 750
_add1 12 505 60
501 625
_add1 24 505 60
501 563
_add1 48 505 60
501 532
_add1 96 505 60
501 516
_add1 192 505 60
501 508
_add1 385 505 60
505 508
_add1 770 505 60
505 506
_add1 1540 505 60
505 505
_add3 1 505 60
0 1000
_add3 3 505 60
501 1000
_add3 6 505 60
501 750
_add3 12 505 60
501 625
_add3 24 505 60
501 563
_add3 48 505 60
501 532
_add3 96 505 60
501 516
_add3 192 505 60
501 508
_add3 385 505 60
505 508
_add3 770 505 60
505 506
_add3 1540 505 60
505 505
_add6 1 505 60
0 1000
_add6 3 505 60
501 1000
_add6 6 505 60
501 750
_add6 12 505 60
501 625
_add6 24 505 60
501 563
_add6 48 505 60
501 532
_add6 96 505 60
501 516
_add6 192 505 60
501 508
_add6 385 505 60
505 508
_add6 770 505 60
505 506
_add6 1540 505 60
505 505
_add12 1 505 60
0 1000
_add12 3 505 60
501 1000
_add12 6 505 60
501 750
_add12 12 505 60
501 625
_add12 24 505 60
501 563
_add12 48 505 60
501 532
_add12 96 505 60
501 516
_add12 192 505 60
501 508
_add12 385 505 60
505 508
_add12 770 505 60
505 506
_add12 1540 505 60
505 505
_add25 1 505 60
0 1000
_add25 3 505 60
501 1000
_add25 6 505 60
501 750
_add25 12 505 60
501 625
_add25 24 505 60
501 563
_add25 48 505 60
501 532
_add25 96 505 60
501 516
_add25 192 505 60
501 508
_add25 385 505 60
505 508
_add25 770 505 60
505 506
_add25 1540 505 60
505 505
_add50 1 505 60
0 1000
_add50 3 505 60
501 1000
_add50 6 505 60
501 750
_add50 12 505 60
501 625
_add50 24 505 60
501 563
_add50 48 505 60
501 532
_add50 96 505 60
501 516
_add50 192 505 60
501 508
_add50 385 505 60
505 508
_add50 770 505 60
505 506
_add50 1540 505 60
505 505
_add101 1 505 60
0 1000
_add101 3 505 60
501 1000
_add101 6 505 60
501 750
_add101 12 505 60
501 625
_add101 24 505 60
501 563
_add101 48 505 60
501 532
_add101 96 505 60
501 516
_add101 192 505 60
501 508
_add101 385 505 60
505 508
_add101 770 505 60
505 506
_add101 1540 505 60
505 505
_add1 1 300 80.5
0 1000
_add1 2 300 80.5
0 500
_add1 5 300 80.5
251 500
_add1 10 300 80.5
251 375
_add1 20 300 80.5
251 313
_add1 41 300 80.5
283 313
_add1 83 300 80.5
299 313
_add1 166 300 80.5
299 306
_add1 332 300 80.5
299 302
_add1 664 300 80.5
299 300
_add1 1329 300 80.5
300 300
_add3 1 300 80.5
0 1000
_add3 2 300 80.5
0 500
_add3 5 300 80.5
251 500
_add3 10 300 80.5
251 375
_add3 20 300 80.5
251 313
_add3 41 300 80.5
283 313
_add3 83 300 80.5
299 313
_add3 166 300 80.5
299 306
_add3 332 300 80.5
299 302
_add3 664 300 80.5
299 300
_add3 1329 300 80.5
300 300
_add6 1 300 80.5
0 1000
_add6 2 300 80.5
0 500
_add6 5 300 80.5
251 500
_add6 10 300 80.5
251 375
_add6 20 300 80.5
251 313
_add6 41 300 80.5
283 313
_add6 83 300 80.5
299 313
_add6 166 300 80.5
299 306
_add6 332 300 80.5
299 302
_add6 664 300 80.5
299 300
_add6 1329 300 80.5
300 300
_add13 1 300 80.5
0 1000
_add13 2 300 80.5
0 500
_add13 5 300 80.5
251 500
_add13 10 300 80.5
251 375
_add13 20 300 80.5
251 313
_add13 41 300 80.5
283 313
_add13 83 300 80.5
299 313
_add13 166 300 80.5
299 306
_add13 332 300 80.5
299 302
_add13 664 300 80.5
299 300
_add13 1329 300 80.5
300 300
_add26 1 300 80.5
0 1000
_add26 2 300 80.5
0 500
_add26 5 300 80.5
251 500
_add26 10 300 80.5
251 375
_add26 20 300 80.5
251 313
_add26 41 300 80.5
283 313
_add26 83 300 80.5
299 313
_add26 166 300 80.5
299 306
_add26 332 300 80.5
299 302
_add26 664 300 80.5
299 300
_add26 1329 300 80.5
300 300
_add52 1 300 80.5
0 1000
_add52 2 300 80.5
0 500
_add52 5 300 80.5
251 500
_add52 10 300 80.5
251 375
_add52 20 300 80.5
251 313
_add52 41 300 80.5
283 313
_add52 83 300 80.5
299 313
_add52 166 300 80.5
299 306
_add52 332 300 80.5
299 302
_add52 664 300 80.5
299 300
_add52 1329 300 80.5
300 300
_add104 1 300 80.5
0 1000
_add104 2 300 80.5
0 500
_add104 5 300 80.5
251 500
_add104 10 300 80.5
251 375
_add104 20 300 80.5
251 313
_add104 41 300 80.5
283 313
_add104 83 300 80.5
299 313
_add104 166 300 80.5
299 306
_add104 332 300 80.5
299 302
_add104 664 300 80.5
299 300
_add104 1329 300 80.5
300 300
_add209 1 300 80.5
0 1000
_add209 2 300 80.5
0 500
_add209 5 300 80.5
251 500
_add209 10 300 80.5
251 375
_add209 20 300 80.5
251 313
_add209 41 300 80.5
283 313
_add209 83 300 80.5
299 313
_add209 166 300 80.5
299 306
_add209 332 300 80.5
299 302
_add209 664 300 80.5
299 300
_add209 1329 300 80.5
300 300
_add1 1 100 50
0 1000
_add1 2 100 50
0 500
_add1 4 100 50
0 250
_add1 8 100 50
0 125
_add1 17 100 50
63 125
_add1 35 100 50
95 125
_add1 70 100 50
95 110
_add1 140 100 50
95 102
_add1 281 100 50
99 102
_add1 562 100 50
99 100
_add1 1125 100 50
100 100
_add3 1 100 50
0 1000
_add3 2 100 50
0 500
_add3 4 100 50
0 250
_add3 8 100 50
0 125
_add3 17 100 50
63 125
_add3 35 100 50
95 125
_add3 70 100 50
95 110
_add3 140 100 50
95 102
_add3 281 100 50
99 102
_add3 562 100 50
99 100
_add3 1125 100 50
100 100
_add6 1 100 50
0 1000
_add6 2 100 50
0 500
_add6 4 100 50
0 250
_add6 8 100 50
0 125
_add6 17 100 50
63 125
_add6 35 100 50
95 125
_add6 70 100 50
95 110
_add6 140 100 50
95 102
_add6 281 100 50
99 102
_add6 562 100 50
99 100
_add6 1125 100 50
100 100
_add13 1 100 50
0 1000
_add13 2 100 50
0 500
_add13 4 100 50
0 250
_add13 8 100 50
0 125
_add13 17 100 50
63 125
_add13 35 100 50
95 125
_add13 70 100 50
95 110
_add13 140 100 50
95 102
_add13 281 100 50
99 102
_add13 562 100 50
99 100
_add13 1125 100 50
100 100
_add26 1 100 50
0 1000
_add26 2 100 50
0 500
_add26 4 100 50
0 250
_add26 8 100 50
0 125
_add26 17 100 50
63 125
_add26 35 100 50
95 125
_add26 70 100 50
95 110
_add26 140 100 50
95 102
_add26 281 100 50
99 102
_add26 562 100 50
99 100
_add26 1125 100 50
100 100
_add52 1 100 50
0 1000
_add52 2 100 50
0 500
_add52 4 100 50
0 250
_add52 8 100 50
0 125
_add52 17 100 50
63 125
_add52 35 100 50
95 125
_add52 70 100 50
95 110
_add52 140 100 50
95 102
_add52 281 100 50
99 102
_add52 562 100 50
99 100
_add52 1125 100 50
100 100
_add105 1 100 50
0 1000
_add105 2 100 50
0 500
_add105 4 100 50
0 250
_add105 8 100 50
0 125
_add105 17 100 50
63 125
_add105 35 100 50
95 125
_add105 70 100 50
95 110
_add105 140 100 50
95 102
_add105 281 100 50
99 102
_add105 562 100 50
99 100
_add105 1125 100 50
100 100
_add1 1 805 77.5
0 1000
_add1 3 805 77.5
501 1000
_add1 7 805 77.5
751 1000
_add1 14 805 77.5
751 875
_add1 28 805 77.5
751 813
_add1 57 805 77.5
783 813
_add1 115 805 77.5
799 813
_add1 230 805 77.5
799 806
_add1 461 805 77.5
803 806
_add1 923 805 77.5
805 806
_add1 1846 805 77.5
805 805
_add3 1 805 77.5
0 1000
_add3 3 805 77.5
501 1000
_add3 7 805 77.5
751 1000
_add3 14 805 77.5
751 875
_add3 28 805 77.5
751 813
_add3 57 805 77.5
783 813
_add3 115 805 77.5
799 813
_add3 230 805 77.5
799 806
_add3 461 805 77.5
803 806
_add3 923 805 77.5
805 806
_add3 1846 805 77.5
805 805
_add6 1 805 77.5
0 1000
_add6 3 805 77.5
501 1000
_add6 7 805 77.5
751 1000
_add6 14 805 77.5
751 875
_add6 28 805 77.5
751 813
_add6 57 805 77.5
783 813
_add6 115 805 77.5
799 813
_add6 230 805 77.5
799 806
_add6 461 805 77.5
803 806
_add6 923 805 77.5
805 806
_add6 1846 805 77.5
805 805
_add13 1 805 77.5
0 1000
_add13 3 805 77.5
501 1000
_add13 7 805 77.5
751 1000
_add13 14 805 77.5
751 875
_add13 28 805 77.5
751 813
_add13 57 805 77.5
783 813
_add13 115 805 77.5
799 813
_add13 230 805 77.5
799 806
_add13 461 805 77.5
803 806
_add13 923 805 77.5
805 806
_add13 1846 805 77.5
805 805
_add27 1 805 77.5
0 1000
_add27 3 805 77.5
501 1000
_add27 7 805 77.5
751 1000
_add27 14 805 77.5
751 875
_add27 28 805 77.5
751 813
_add27 57 805 77.5
783 813
_add27 115 805 77.5
799 813
_add27 230 805 77.5
799 806
_add27 461 805 77.5
803 806
_add27 923 805 77.5
805 806
_add27 1846 805 77.5
805 805
_add54 1 805 77.5
0 1000
_add54 3 805 77.5
501 1000
_add54 7 805 77.5
751 1000
_add54 14 805 77.5
751 875
_add54 28 805 77.5
751 813
_add54 57 805 77.5
783 813
_add54 115 805 77.5
799 813
_add54 230 805 77.5
799 806
_add54 461 805 77.5
803 806
_add54 923 805 77.5
805 806
_add54 1846 805 77.5
805 805
_add108 1 805 77.5
0 1000
_add108 3 805 77.5
501 1000
_add108 7 805 77.5
751 1000
_add108 14 805 77.5
751 875
_add108 28 805 77.5
751 813
_add108 57 805 77.5
783 813
_add108 115 805 77.5
799 813
_add108 230 805 77.5
799 806
_add108 461 805 77.5
803 806
_add108 923 805 77.5
805 806
_add108 1846 805 77.5
805 805
_add216 1 805 77.5
0 1000
_add216 3 805 77.5
501 1000
_add216 7 805 77.5
751 1000
_add216 14 805 77.5
751 875
_add216 28 805 77.5
751 813
_add216 57 805 77.5
783 813
_add216 115 805 77.5
799 813
_add216 230 805 77.5
799 806
_add216 461 805 77.5
803 806
_add216 923 805 77.5
805 806
_add216 1846 805 77.5
805 805
query1 50 66
100 600
50
query3 51 66
100 600
75
query6 51 66
100 600
63
query13 64 66
100 600
69
query26 64 66
100 600
66
query52 64 66
100 600
_query52 1  100 600
_query52 3  501 600
_query52 6  501 600
_query52 12  501 600
_query52 25  564 600
_query52 51  595 600
_query52 102  595 600
_query52 204  595 600
_query52 409  599 600
_query52 818  599 600
_query52 818  599 600
-1
_query52 409  599 600
-1
_query52 408  595 598
_query52 408  595 598
-1
_query52 204  595 600
-1
_query52 102  595 600
-1
_query52 51  595 600
-1
_query52 50  564 594
_query52 50  564 594
-1
_query52 25  564 600
-1
_query52 24  501 563
_query52 24  501 563
-1
_query52 12  501 600
-1
_query52 6  501 600
-1
_query52 3  501 600
-1
_query52 2  100 500
_query52 5  251 500
_query52 5  251 500
-1
_query52 4  100 250
_query52 9  126 250
_query52 9  126 250
-1
_query52 8  100 125
_query52 17  100 125
_query52 35  100 125
_query52 71  111 125
_query52 71  111 125
-1
_query52 70  100 110
_query52 141  103 110
_query52 141  103 110
-1
_query52 140  100 102
_query52 281  100 102
_query52 563  101 102
_query52 563  101 102
-1
_query52 562  100 100
_query52 1125  100 100
_query52 1125  100 100
50
_query52 562  100 100
50
_query52 281  100 102
50
_query52 140  100 102
50
_query52 70  100 110
50
_query52 35  100 125
50
_query52 17  100 125
50
_query52 8  100 125
50
_query52 4  100 250
50
_query52 2  100 500
50
_query52 1  100 600
50
query12 51 63
100 600
_query12 1  100 600
_query12 3  501 600
_query12 6  501 600
_query12 12  501 600
_query12 25  564 600
_query12 51  595 600
_query12 102  595 600
_query12 204  595 600
_query12 409  599 600
_query12 818  599 600
_query12 818  599 600
-1
_query12 409  599 600
-1
_query12 408  595 598
_query12 408  595 598
-1
_query12 204  595 600
-1
_query12 102  595 600
-1
_query12 51  595 600
-1
_query12 50  564 594
_query12 50  564 594
-1
_query12 25  564 600
-1
_query12 24  501 563
_query12 24  501 563
-1
_query12 12  501 600
-1
_query12 6  501 600
-1
_query12 3  501 600
-1
_query12 2  100 500
_query12 5  251 500
_query12 5  251 500
-1
_query12 4  100 250
_query12 9  126 250
_query12 9  126 250
-1
_query12 8  100 125
_query12 17  100 125
_query12 35  100 125
_query12 71  111 125
_query12 71  111 125
-1
_query12 70  100 110
_query12 141  103 110
_query12 141  103 110
-1
_query12 140  100 102
_query12 281  100 102
_query12 563  101 102
_query12 563  101 102
-1
_query12 562  100 100
_query12 1125  100 100
_query12 1125  100 100
-1
_query12 562  100 100
-1
_query12 281  100 102
-1
_query12 140  100 102
-1
_query12 70  100 110
-1
_query12 35  100 125
-1
_query12 17  100 125
-1
_query12 8  100 125
-1
_query12 4  100 250
-1
_query12 2  100 500
-1
_query12 1  100 600
-1
query2 50 50
100 600
25
query5 50 50
100 600
38
query11 50 50
100 600
44
query23 50 50
100 600
47
query47 50 50
100 600
49
query95 50 50
100 600
_query95 1  100 600
_query95 3  501 600
_query95 6  501 600
_query95 12  501 600
_query95 25  564 600
_query95 51  595 600
_query95 102  595 600
_query95 204  595 600
_query95 409  599 600
_query95 818  599 600
_query95 818  599 600
-1
_query95 409  599 600
-1
_query95 408  595 598
_query95 408  595 598
-1
_query95 204  595 600
-1
_query95 102  595 600
-1
_query95 51  595 600
-1
_query95 50  564 594
_query95 50  564 594
-1
_query95 25  564 600
-1
_query95 24  501 563
_query95 24  501 563
-1
_query95 12  501 600
-1
_query95 6  501 600
-1
_query95 3  501 600
-1
_query95 2  100 500
_query95 5  251 500
_query95 5  251 500
-1
_query95 4  100 250
_query95 9  126 250
_query95 9  126 250
-1
_query95 8  100 125
_query95 17  100 125
_query95 35  100 125
_query95 71  111 125
_query95 71  111 125
-1
_query95 70  100 110
_query95 141  103 110
_query95 141  103 110
-1
_query95 140  100 102
_query95 281  100 102
_query95 563  101 102
_query95 563  101 102
-1
_query95 562  100 100
_query95 1125  100 100
_query95 1125  100 100
-1
_query95 562  100 100
-1
_query95 281  100 102
-1
_query95 140  100 102
-1
_query95 70  100 110
-1
_query95 35  100 125
-1
_query95 17  100 125
-1
_query95 8  100 125
-1
_query95 4  100 250
-1
_query95 2  100 500
-1
_query95 1  100 600
-1
