531723023753846568 409561879030607771 71
312553216012023378 279771838521031507
192640068043599745 180081483776356861
213252353799537511 88350803324253668
252887875077481601 260842761348459373
153157341757773687 242031721982843824
107203484432900696 327538257423317551
487727554106922916 230340478342196621
347320632276405613 54650019589897632
364624533399614311 218621458864296145
378403251698147799 375005758351353214
254803382951993137 129603980031925681
134665285742056059 342499822597334470
60741372899027869 173188021858730191
454422090025858374 401488753951539325
52076319878604230 133900325108735656
100785538704613472 114141892846708748
287097546341302932 77177964858119923
162610095006151542 381413046052224533
182133639870361132 129035411810917274
484611817227923997 355764011251657802
103975712494751800 180081277597399575
39375163316168303 408214415544131723
176884900477051409 408632339733914358
2195202880167311 47650228875285150
152729973809643857 217343882879898549
109086310339710521 339781410305076813
66930268994389283 91618401054916249
69099457162218313 188197358209765840
41433012074404518 110460306756149809
63475126421110507 172697182552958754
138766374649101486 401753145365670919
405832509211316018 37683831165595277
10690535066398020 77883162558566747
322254239433299142 90318584468330603
474536760601540724 158792564525059869
475551176392621108 186354967969376479
241087848510449040 62368225172938316
112907027524161490 344957039537710665
393932669267631975 315546626963974577
454090396553741821 7107044245261867
201245835226648419 364922098896631245
63055866201639411 408709767259979031
349267548440656368 346866367149573598
361423137836454798 261180904315781102
105254863626653814 353732426478561998
318419898983264747 140476197207990483
213911136588823321 171435979223241703
353898817306629263 5355984405058443
252021218888426568 260644883991598452
89288098562828778 149910205877367883
90339157488782785 292079911040886668
426626349693632927 330694523077622520
204305179590283157 54226650687596722
528136888278457780 378467934391348025
504360763746208160 79006388825247891
83036702187174411 330232594767930202
376064187741937297 173315891649868113
355866026280162610 125291868979329314
434509423457080144 54773858575759635
365885566711756727 54139681223870785
316961664768280597 328752178257113043
309898551019489830 317406135790228737
420082860306376673 345862843237146202
85971782112496663 52865861730801454
70520964918264378 345379194801369620
453029026853897066 315260503328342062
120924742784887665 235503699401867266
250565789725267203 149977679775662238
487405352583056118 27740637637500944
420646169344986055 308470753597051118
371951066944389768 312212795389839110
