372721551819956604
583245992263910454
384407362983918816
233929394757758058
544023141058376073
840375828479581797
585517240210965765
49845431755452459
370073856689542404
448867720644787332
257296815371984151
88573697624964765
412572823901629743
633329325126600591
661906144361997585
303456073683387354
709479296231606550
461197440799003686
622604042152235898
458987290105215810
458896096191255228
385347115812065022
359254801711687704
757320872771255445
583367152571456049
138837643843298115
415900159719633996
515145990220557060
684163862334228876
-88573698062858979
-49845432193346673
-359254803950386452
-461197443037702434
-138837644030648169
-49845431942802513
-258531827683732794
-88573697809693233
-49845431940180927
-151893317855736939
-138837644960401854
-303456074800491093
-49845432872556198
-138837646056134370
-359254803924523959
-49845433968288714
-138837643054204176
-88573696835870826
-49845430966358520
-88573698863405202
-49845432993892896
-185976646915741698
-158548671818332662
-364275510584765526
-420025245273876165
-258531827616128532
-185976644589436260
-88573697053090182
-49845431183577876
-233929394185883475
-239198305137972198
-236172309671844798
-151893319528329864
-214927432249097757
-239198305233668244
-151893319624025910
-214927432344793803
-239198304420073269
-151893318810430935
-214927431531198828
-138837644922054243
-303456074762143482
-88573698703720893
-49845432834208587
-138837641900217585
-359254799768607174
-303456071740306824
-412572821958549213
-88573695681884235
-49845429812371929
-158548670550658926
-185976645488693280
-236172311497623720
-151893321354108786
-158548670602169967
-185976645540204321
-239198306111419074
-236172310645291674
-151893320501776740
-284056991763373788
-214927433222544633
-239198303355734319
-236172307889606919
-151893317746091985
-284056989007689033
-214927430466859878
-158548670848557630
-311169052480530504
-185976645786591984
-151893316913031705
-364275509281900233
-214927429633799598
-413269300459184673
-239198307944276721
-236172312478149321
-151893322334634387
-284056993596231435
-214927435055402280
-239198301950886318
-236172306484758918
-151893316341243984
-284056987602841032
-214927429062011877
-356428441861634124
-239198304115075854
-236172308648948454
-151893318505433520
-284056989767030568
-214927431226201413
-239198306607402579
-236172311141275179
-151893320997760245
-364275513366628773
-214927433718528138
-401970654033509163
-400543467722395152
-420025246157093223
-481157893480957635
-258531828499345590
-158548668270771243
-311169049902744117
-185976643208805597
-301603155345256890
-400543470414270825
-481157896172833308
-258531831191221263
-158548670962646916
-311169052594619790
-185976645900681270
-301603158037132563
-138837642498238143
-88573696279904793
-257296814026924179
-49845430410392487
-233929393412698086
-138837645075622281
-385347117044389188
-303456074915711520
-88573698857288931
-257296816604308317
-370073857921866570
-49845432987776625
-233929395990082224
-372721553052280770
-400543466794004622
-420025245228702693
-481157892552567105
-258531827570955060
-158548667342380713
-311169048974353587
-185976642280415067
-301603154416866360
-138837646248504618
-88573700030171268
-257296817777190654
-448867723049993835
-49845434160658962
-233929397162964561
-382419067224734988
-158548668744371067
-185976643682405421
-434741740551283782
-400543470601455027
-258531831378405465
-512666103980550606
-158548671149831118
-311169052781803992
-185976646087865472
-301603158224316765
-400543468717543536
-420025247152241607
-481157894476106019
-258531829494493974
-158548669265919627
-311169050897892501
-185976644203953981
-301603156340405274
-356428439961511491
-413269294729861173
-239198302214953221
-457864064836628715
-236172306748825821
-151893316605310887
-284056987866907935
-214927429326078780
-477165106114147089
-395189061515374071
-415900156487584665
-138837640611248784
-458987286873166479
-88573694392915434
-257296812139934820
-448867717412738001
-49845428523403128
-233929391525708727
-382419068120695746
-158548669640331825
-185976644578366179
-434741741447244540
-138837643856200734
-385347115824967641
-303456073696289973
-88573697637867384
-257296815384886770
-370073856702445023
-49845431768355078
-233929394770660677
-384407362996821435
-372721551832859223
-356428442720163831
-239198304973605561
-236172309507478161
-151893319363963227
-284056990625560275
-364275511732831755
-214927432084731120
-401970652399712145
-395189064274026411
-400543466497696764
-258531827274647202
-512666099876792343
-158548667046072855
-311169048678045729
-185976641984107209
-513730633422708297
-301603154120558502
-382419068921557062
-158548670441193141
-185976645379227495
-434741742248105856
-138837641987889591
-359254799856279180
-385347113956656498
-458896094335846704
-622604040296827374
-303456071827978830
-412572822046221219
-88573695769556241
-257296813516575627
-370073854834133880
-49845429900043935
-233929392902349534
-384407361128510292
-583245990408501930
-372721549964548080
-356428440178757310
-549380077383807789
-239198302432199040
-443516338368913674
-236172306966071640
-151893316822556706
-284056988084153754
-364275509191425234
-214927429543324599
-401970649858305624
-395189061732619890
-592325052525057264
-138837640889150301
-385347112857917208
-303456070729239540
-88573694670816951
-257296812417836337
-370073853735394590
-49845428801304645
-233929391803610244
-384407360029771002
-372721548865808790
-356428441324757595
-549380078529808074
-239198303578199325
-236172308112071925
-151893317968556991
-284056989230154039
-364275510337425519
-214927430689324884
-401970651004305909
-395189062878620175
-592325053671057549
-684163863086450166
-138837644595519405
-359254802463908994
-385347116564286312
-458896096943476518
-622604042904457188
-303456074435608644
-412572824653851033
-88573698377186055
-257296816124205441
-370073857441763694
-49845432507673749
-233929395509979348
-384407363736140106
-583245993016131744
-372721552572177894
-415900161282307200
-138837645405971319
-385347117374738226
-458896097753928432
-303456075246060558
-412572825464302947
-88573699187637969
-257296816934657355
-448867722207460536
-370073858252215608
-49845433318125663
-233929396320431262
-384407364546592020
-372721553382629808
-684163861647229779
-415900159032634899
-138837643156299018
-359254801024688607
-385347115125065925
-458896095504256131
-622604041465236801
-709479295544607453
-303456072996388257
-412572823214630646
-88573696937965668
-257296814684985054
-448867719957788235
-370073856002543307
-49845431068453362
-233929394070758961
-384407362296919719
-583245991576911357
-372721551132957507
-729116926120992798
-400543472679885066
-627304689988674192
-420025251114583137
-481157898438447549
-258531833456835504
-382419071708625078
-512666106058980645
-158548673228261157
-311169054860234031
-185976648166295511
-434741745035173872
-513730639604896599
-301603160302746804
-356428443284333598
-645713844122972307
-549380080489384077
-413269298052683280
-239198305537775328
-696133916687808633
-457864068159450822
-236172310071647928
-151893319928132994
-284056991189730042
-364275512297001522
-214927432648900887
-477165109436969196
-401970652963881912
-395189064838196178
-592325055630633552
-356428441946000652
-645713842784639361
-489283281792085500
-549380079151051131
-413269296714350334
-239198304199442382
-696133915349475687
-457864066821117876
-443516340136157016
-236172308733314982
-151893318589800048
-284056989851397096
-364275510958668576
-214927431310567941
-477165108098636250
-401970651625548966
-395189063499863232
-592325054292300606
-729116924172183282
-400543470731075550
-768289531412385237
-765945704773668984
-627304688039864676
-420025249165773621
-481157896489638033
-258531831508025988
-382419069759815562
-512666104110171129
-566167935353425773
-158548671279451641
-311169052911424515
-185976646217485995
-434741743086364356
-513730637656087083
-301603158353937288
-729116925510800328
-400543472069692596
-768289532751002283
-765945706112286030
-627304689378481722
-420025250504390667
-481157897828255079
-258531832846643034
-382419071098432608
-512666105448788175
-566167936692042819
-158548672618068687
-311169054250041561
-185976647556103041
-718068035017882692
-434741744424981402
-513730638994704129
-301603159692554334
941284902784454337
568563350964497733
358038910520543883
556877539800535521
707355508026696279
397261761726078264
100909074304872540
355767662573488572
891439471029001878
571211046094911933
492417182139667005
683988087412470186
852711205159489572
528712078882824594
307955577657853746
279378758422456752
637828829101066983
231805606552847787
480087461985450651
318680860632218439
482297612679238527
482388806593199109
555937786972389315
582030101072766633
183964030013198892
357917750212998288
802447258941156222
525384743064820341
426138912563897277
257121040450225461
Case #1: 0
